0

185
0 0
40 0
80 0
120 0
160 0
200 0
240 40
280 80
320 120
360 160
400 200
440 200
480 200
520 200
560 200
600 200
640 160
680 120
720 80
760 40
800 0
840 0
880 0
920 0
960 0
1000 0
1040 40
1080 80
1120 120
1160 160
1200 200
1200 240
1200 280
1200 320
1200 360
1200 400
1160 440
1120 480
1080 520
1040 560
1000 600
960 600
920 600
880 600
840 600
800 600
760 560
720 520
680 480
640 440
600 400
560 400
520 400
480 400
440 400
400 400
360 440
320 480
280 520
240 560
200 600
200 640
200 680
200 720
200 760
200 800
240 840
280 880
320 920
360 960
400 1000
440 1000
480 1000
520 1000
560 1000
600 1000
640 960
680 920
720 880
760 840
800 800
840 800
880 800
920 800
960 800
1000 800
1040 840
1080 880
1120 920
1160 960
1200 1000
1200 1040
1200 1080
1200 1120
1200 1160
1200 1200
1160 1240
1120 1280
1080 1320
1040 1360
1000 1400
960 1400
920 1400
880 1400
840 1400
800 1400
760 1360
720 1320
680 1280
640 1240
600 1200
560 1200
520 1200
480 1200
440 1200
400 1200
360 1200
320 1200
280 1200
240 1200
200 1200
160 1160
120 1120
80 1080
40 1040
0 1000
-40 1000
-80 1000
-120 1000
-160 1000
-200 1000
-240 1040
-280 1080
-320 1120
-360 1160
-400 1200
-440 1200
-480 1200
-520 1200
-560 1200
-600 1200
-640 1160
-680 1120
-720 1080
-760 1040
-800 1000
-800 960
-800 920
-800 880
-800 840
-800 800
-760 760
-720 720
-680 680
-640 640
-600 600
-560 600
-520 600
-480 600
-440 600
-400 600
-360 640
-320 680
-280 720
-240 760
-200 800
-160 760
-120 720
-80 680
-40 640
0 600
0 560
0 520
0 480
0 440
0 400
0 360
0 320
0 280
0 240
0 200
0 160
0 120
0 80
0 40

3
-600 900
1000 1200
1000 200

5
800 500
1000 1000
8000 1000
-400 800
-450 1000

100 100
