6
0 400 
80 400
160 400
-100 1000
-200 800
-600 1500

230
0 0
40 0
80 0
120 0
160 0
200 0
240 40
280 80
320 120
360 160
400 200
440 240
480 280
520 320
560 360
600 400
640 360
680 320
720 280
760 240
800 200
800 160
800 120
800 80
800 40
800 0
840 0
880 0
920 0
960 0
1000 0
1040 0
1080 0
1120 0
1160 0
1200 0
1200 40
1200 80
1200 120
1200 160
1200 200
1200 240
1200 280
1200 320
1200 360
1200 400
1160 400
1120 400
1080 400
1040 400
1000 400
960 440
920 480
880 520
840 560
800 600
760 640
720 680
680 720
640 760
600 800
560 840
520 880
480 920
440 960
400 1000
360 1040
320 1080
280 1120
240 1160
200 1200
200 1240
200 1280
200 1320
200 1360
200 1400
240 1440
280 1480
320 1520
360 1560
400 1600
440 1640
480 1680
520 1720
560 1760
600 1800
640 1840
680 1880
720 1920
760 1960
800 2000
840 2000
880 2000
920 2000
960 2000
1000 2000
1040 2000
1080 2000
1120 2000
1160 2000
1200 2000
1200 2040
1200 2080
1200 2120
1200 2160
1200 2200
1200 2240
1200 2280
1200 2320
1200 2360
1200 2400
1160 2400
1120 2400
1080 2400
1040 2400
1000 2400
960 2400
920 2400
880 2400
840 2400
800 2400
760 2360
720 2320
680 2280
640 2240
600 2200
560 2160
520 2120
480 2080
440 2040
400 2000
360 1960
320 1920
280 1880
240 1840
200 1800
160 1760
120 1720
80 1680
40 1640
0 1600
-40 1560
-80 1520
-120 1480
-160 1440
-200 1400
-240 1400
-280 1400
-320 1400
-360 1400
-400 1400
-440 1440
-480 1480
-520 1520
-560 1560
-600 1600
-640 1640
-680 1680
-720 1720
-760 1760
-800 1800
-800 1840
-800 1880
-800 1920
-800 1960
-800 2000
-840 2000
-880 2000
-920 2000
-960 2000
-1000 2000
-1040 2000
-1080 2000
-1120 2000
-1160 2000
-1200 2000
-1200 1960
-1200 1920
-1200 1880
-1200 1840
-1200 1800
-1200 1760
-1200 1720
-1200 1680
-1200 1640
-1200 1600
-1160 1600
-1120 1600
-1080 1600
-1040 1600
-1000 1600
-960 1560
-920 1520
-880 1480
-840 1440
-800 1400
-760 1360
-720 1320
-680 1280
-640 1240
-600 1200
-560 1160
-520 1120
-480 1080
-440 1040
-400 1000
-400 960
-400 920
-400 880
-400 840
-400 800
-400 760
-400 720
-400 680
-400 640
-400 600
-360 560
-320 520
-280 480
-240 440
-200 400
-200 360
-200 320
-200 280
-200 240
-200 200
-160 160
-120 120
-80 80
-40 40

3
1000 200
1000 2200
-1000 1800 

5
800 400
0 1000
-800 1600
800 2200
400 800

0 200