5
800 600
1000 360
1200 200
1200 -400
1000 500

130
0 200
40 160
80 120
120 80
160 40
200 0
240 40
280 80
320 120
360 160
400 200
360 240
320 280
280 320
240 360
200 400
200 440
200 480
200 520
200 560
200 600
240 600
280 600
320 600
360 600
400 600
440 560
480 520
520 480
560 440
600 400
600 360
600 320
600 280
600 240
600 200
640 160
680 120
720 80
760 40
800 0
840 0
880 0
920 0
960 0
1000 0
1040 0
1080 0
1120 0
1160 0
1200 0
1240 0
1280 0
1320 0
1360 0
1400 0
1440 40
1480 80
1520 120
1560 160
1600 200
1600 240
1600 280
1600 320
1600 360
1600 400
1600 440
1600 480
1600 520
1600 560
1600 600
1560 640
1520 680
1480 720
1440 760
1400 800
1360 800
1320 800
1280 800
1240 800
1200 800
1160 800
1120 800
1080 800
1040 800
1000 800
960 800
920 800
880 800
840 800
800 800
760 840
720 880
680 920
640 960
600 1000
560 1040
520 1080
480 1120
440 1160
400 1200
360 1200
320 1200
280 1200
240 1200
200 1200
160 1160
120 1120
80 1080
40 1040
0 1000
0 960
0 920
0 880
0 840
0 800
0 760
0 720
0 680
0 640
0 600
0 560
0 520
0 480
0 440
0 400
0 360
0 320
0 280
0 240

1
1400 400

3
1000 200
1000 600
1400 200 

200 200