0

368
0 0
40 0
80 0
120 0
160 0
200 0
240 0
280 0
320 0
360 0
400 0
440 0
480 0
520 0
560 0
600 0
640 40
680 80
720 120
760 160
800 200
840 240
880 280
920 320
960 360
1000 400
1000 440
1000 480
1000 520
1000 560
1000 600
960 640
920 680
880 720
840 760
800 800
760 800
720 800
680 800
640 800
600 800
560 800
520 800
480 800
440 800
400 800
360 840
320 880
280 920
240 960
200 1000
240 1040
280 1080
320 1120
360 1160
400 1200
440 1200
480 1200
520 1200
560 1200
600 1200
640 1160
680 1120
720 1080
760 1040
800 1000
840 960
880 920
920 880
960 840
1000 800
1040 760
1080 720
1120 680
1160 640
1200 600
1240 600
1280 600
1320 600
1360 600
1400 600
1440 640
1480 680
1520 720
1560 760
1600 800
1600 840
1600 880
1600 920
1600 960
1600 1000
1600 1040
1600 1080
1600 1120
1600 1160
1600 1200
1560 1240
1520 1280
1480 1320
1440 1360
1400 1400
1440 1440
1480 1480
1520 1520
1560 1560
1600 1600
1640 1560
1680 1520
1720 1480
1760 1440
1800 1400
1760 1360
1720 1320
1680 1280
1640 1240
1400 560
1400 520
1400 480
1400 440
1400 400
1400 360
1400 320
1400 280
1400 240
1400 200
1440 160
1480 120
1520 80
1560 40
1600 0
1640 0
1680 0
1720 0
1760 0
1800 0
1840 0
1880 0
1920 0
1960 0
2000 0
2040 40
2080 80
2120 120
2160 160
2200 200
2240 240
2280 280
2320 320
2360 360
2400 400
2440 440
2480 480
2520 520
2560 560
2600 600
2600 640
2600 680
2600 720
2600 760
2600 800
2600 840
2600 880
2600 920
2600 960
2600 1000
2560 1040
2520 1080
2480 1120
2440 1160
2400 1200
2360 1200
2320 1200
2280 1200
2240 1200
2200 1200
2160 1200
2120 1200
2080 1200
2040 1200
2000 1200
1960 1160
1920 1120
1880 1080
1840 1040
1800 1000
1800 960
1800 920
1800 880
1800 840
1800 800
1800 760
1800 720
1800 680
1800 640
1800 600
1840 560
1880 520
1920 480
1960 440
2000 400
1960 360
1920 320
1880 280
1840 240
1800 200
1760 240
1720 280
1680 320
1640 360
1600 400
1640 440
1680 480
1720 520
1760 560
2040 1240
2080 1280
2120 1320
2160 1360
2200 1400
2200 1440
2200 1480
2200 1520
2200 1560
2200 1600
2160 1640
2120 1680
2080 1720
2040 1760
2000 1800
1960 1800
1920 1800
1880 1800
1840 1800
1800 1800
1760 1800
1720 1800
1680 1800
1640 1800
1600 1800
1560 1800
1520 1800
1480 1800
1440 1800
1400 1800
1360 1760
1320 1720
1280 1680
1240 1640
1200 1600
1200 1560
1200 1520
1200 1480
1200 1440
1200 1400
1200 1360
1200 1320
1200 1280
1200 1240
1200 1200
1200 1160
1200 1120
1200 1080
1200 1040
1200 1000
1160 1040
1120 1080
1080 1120
1040 1160
1000 1200
1000 1240
1000 1280
1000 1320
1000 1360
1000 1400
1000 1440
1000 1480
1000 1520
1000 1560
1000 1600
1000 1640
1000 1680
1000 1720
1000 1760
1000 1800
960 1800
920 1800
880 1800
840 1800
800 1800
760 1800
720 1800
680 1800
640 1800
600 1800
560 1760
520 1720
480 1680
440 1640
400 1600
360 1560
320 1520
280 1480
240 1440
200 1400
160 1360
120 1320
80 1280
40 1240
0 1200
0 1160
0 1120
0 1080
0 1040
0 1000
0 960
0 920
0 880
0 840
0 800
40 760
80 720
120 680
160 640
200 600
240 600
280 600
320 600
360 600
400 600
440 600
480 600
520 600
560 600
600 600
600 560
600 520
600 480
600 440
600 400
560 360
520 320
480 280
440 240
400 200
360 200
320 200
280 200
240 200
200 200
200 240
200 280
200 320
200 360
200 400
160 400
120 400
80 400
40 400
0 400
0 360
0 320
0 280
0 240
0 200
0 160
0 120
0 80
0 40

2
800 1600
2200 800

4
900 500
1300 800
2000 600 
2400 600



100 300